{
 "cells": [
  {
   "cell_type": "code",
   "execution_count": 28,
   "metadata": {},
   "outputs": [],
   "source": [
    "from ase import units\n",
    "from scipy import constants\n",
    "import numpy as np\n",
    "from copy import deepcopy\n",
    "from structure_io import read_xyz_file"
   ]
  },
  {
   "cell_type": "code",
   "execution_count": 29,
   "metadata": {},
   "outputs": [
    {
     "data": {
      "text/plain": [
       "1.0545718176461565e-34"
      ]
     },
     "execution_count": 29,
     "metadata": {},
     "output_type": "execute_result"
    }
   ],
   "source": [
    "constants.hbar"
   ]
  },
  {
   "cell_type": "code",
   "execution_count": 30,
   "metadata": {},
   "outputs": [
    {
     "name": "stdout",
     "output_type": "stream",
     "text": [
      "[[0. 0. 0. 0. 0. 0.]\n",
      " [0. 0. 0. 0. 0. 0.]\n",
      " [0. 0. 0. 0. 0. 0.]\n",
      " [0. 0. 0. 0. 0. 0.]\n",
      " [0. 0. 0. 0. 0. 0.]\n",
      " [0. 0. 0. 0. 0. 0.]]\n",
      "[[ 4.08248290e-01  5.77350269e-01  5.77350269e-01  4.08248290e-01\n",
      "   0.00000000e+00  0.00000000e+00]\n",
      " [ 4.08248290e-01  2.88675135e-01 -2.88675135e-01 -4.08248290e-01\n",
      "  -5.00000000e-01 -5.00000000e-01]\n",
      " [ 4.08248290e-01 -2.88675135e-01 -2.88675135e-01  4.08248290e-01\n",
      "   5.00000000e-01 -5.00000000e-01]\n",
      " [ 4.08248290e-01 -5.77350269e-01  5.77350269e-01 -4.08248290e-01\n",
      "  -2.82820064e-16  1.37910518e-15]\n",
      " [ 4.08248290e-01 -2.88675135e-01 -2.88675135e-01  4.08248290e-01\n",
      "  -5.00000000e-01  5.00000000e-01]\n",
      " [ 4.08248290e-01  2.88675135e-01 -2.88675135e-01 -4.08248290e-01\n",
      "   5.00000000e-01  5.00000000e-01]]\n"
     ]
    }
   ],
   "source": [
    "n_beads = 6\n",
    "C_jk = np.zeros((n_beads,n_beads))\n",
    "print(C_jk)\n",
    "for k in range(n_beads):\n",
    "    if k == 0:\n",
    "        C_jk[:,k] = np.sqrt(1/n_beads)\n",
    "    elif k > 0 and k <= (n_beads/2-1):\n",
    "        for j in range(n_beads):\n",
    "            C_jk[j,k] = np.sqrt(2/n_beads) * np.cos(2*units.pi*j*k/n_beads)\n",
    "    elif k == n_beads/2:\n",
    "        for j in range(n_beads):\n",
    "            C_jk[j,k] = np.sqrt(1/n_beads)*(-1)**j\n",
    "    elif k > n_beads/2:\n",
    "        for j in range(n_beads):\n",
    "            C_jk[j,k] = np.sqrt(2/n_beads)*np.sin(2*units.pi*j*k/n_beads)\n",
    "print(C_jk)"
   ]
  },
  {
   "cell_type": "code",
   "execution_count": 31,
   "metadata": {},
   "outputs": [
    {
     "data": {
      "text/plain": [
       "array([[ 1.00000000e+00, -1.04761073e-17,  1.75607620e-16,\n",
       "        -9.95716912e-18,  2.04475515e-16,  6.35574357e-16],\n",
       "       [-1.04761073e-17,  1.00000000e+00,  7.65661753e-17,\n",
       "        -1.00546195e-16,  1.34484076e-16, -8.47541437e-16],\n",
       "       [ 1.75607620e-16,  7.65661753e-17,  1.00000000e+00,\n",
       "        -2.29519538e-17, -7.45106739e-16,  1.04183047e-15],\n",
       "       [-9.95716912e-18, -1.00546195e-16, -2.29519538e-17,\n",
       "         1.00000000e+00,  4.33902724e-16, -7.74352235e-16],\n",
       "       [ 2.04475515e-16,  1.34484076e-16, -7.45106739e-16,\n",
       "         4.33902724e-16,  1.00000000e+00,  2.49800181e-16],\n",
       "       [ 6.35574357e-16, -8.47541437e-16,  1.04183047e-15,\n",
       "        -7.74352235e-16,  2.49800181e-16,  1.00000000e+00]])"
      ]
     },
     "execution_count": 31,
     "metadata": {},
     "output_type": "execute_result"
    }
   ],
   "source": [
    "np.dot(C_jk.T,C_jk)"
   ]
  },
  {
   "cell_type": "code",
   "execution_count": 32,
   "metadata": {},
   "outputs": [
    {
     "data": {
      "text/plain": [
       "array([[ 1.00000000e+00, -1.04761073e-17,  1.75607620e-16,\n",
       "        -9.95716912e-18,  2.04475515e-16,  6.35574357e-16],\n",
       "       [-1.04761073e-17,  1.00000000e+00,  7.65661753e-17,\n",
       "        -1.00546195e-16,  1.34484076e-16, -8.47541437e-16],\n",
       "       [ 1.75607620e-16,  7.65661753e-17,  1.00000000e+00,\n",
       "        -2.29519538e-17, -7.45106739e-16,  1.04183047e-15],\n",
       "       [-9.95716912e-18, -1.00546195e-16, -2.29519538e-17,\n",
       "         1.00000000e+00,  4.33902724e-16, -7.74352235e-16],\n",
       "       [ 2.04475515e-16,  1.34484076e-16, -7.45106739e-16,\n",
       "         4.33902724e-16,  1.00000000e+00,  2.49800181e-16],\n",
       "       [ 6.35574357e-16, -8.47541437e-16,  1.04183047e-15,\n",
       "        -7.74352235e-16,  2.49800181e-16,  1.00000000e+00]])"
      ]
     },
     "execution_count": 32,
     "metadata": {},
     "output_type": "execute_result"
    }
   ],
   "source": [
    "C_jk.T@C_jk"
   ]
  },
  {
   "cell_type": "code",
   "execution_count": 33,
   "metadata": {},
   "outputs": [
    {
     "data": {
      "text/plain": [
       "array([[ 4.08248290e-01,  5.77350269e-01,  5.77350269e-01,\n",
       "         4.08248290e-01,  0.00000000e+00,  0.00000000e+00],\n",
       "       [ 4.08248290e-01,  2.88675135e-01, -2.88675135e-01,\n",
       "        -4.08248290e-01, -5.00000000e-01, -5.00000000e-01],\n",
       "       [ 4.08248290e-01, -2.88675135e-01, -2.88675135e-01,\n",
       "         4.08248290e-01,  5.00000000e-01, -5.00000000e-01],\n",
       "       [ 4.08248290e-01, -5.77350269e-01,  5.77350269e-01,\n",
       "        -4.08248290e-01, -2.82820064e-16,  1.37910518e-15],\n",
       "       [ 4.08248290e-01, -2.88675135e-01, -2.88675135e-01,\n",
       "         4.08248290e-01, -5.00000000e-01,  5.00000000e-01],\n",
       "       [ 4.08248290e-01,  2.88675135e-01, -2.88675135e-01,\n",
       "        -4.08248290e-01,  5.00000000e-01,  5.00000000e-01]])"
      ]
     },
     "execution_count": 33,
     "metadata": {},
     "output_type": "execute_result"
    }
   ],
   "source": [
    "C_jk"
   ]
  },
  {
   "cell_type": "code",
   "execution_count": 44,
   "metadata": {},
   "outputs": [
    {
     "name": "stdout",
     "output_type": "stream",
     "text": [
      "[0. 1. 2. 3. 4. 5.]\n",
      "[[[ 0.  0.  0.]]\n",
      "\n",
      " [[ 1.  2.  3.]]\n",
      "\n",
      " [[ 2.  4.  6.]]\n",
      "\n",
      " [[ 3.  6.  9.]]\n",
      "\n",
      " [[ 4.  8. 12.]]\n",
      "\n",
      " [[ 5. 10. 15.]]]\n"
     ]
    }
   ],
   "source": [
    "a = np.linspace(0,5,6)\n",
    "print(a)\n",
    "b = []\n",
    "for i in a:\n",
    "    b.append(i*np.array([[1,2,3]]))\n",
    "b = np.array(b)\n",
    "print(b)"
   ]
  },
  {
   "cell_type": "code",
   "execution_count": 45,
   "metadata": {},
   "outputs": [
    {
     "data": {
      "text/plain": [
       "(6, 1, 3)"
      ]
     },
     "execution_count": 45,
     "metadata": {},
     "output_type": "execute_result"
    }
   ],
   "source": [
    "np.shape(b)"
   ]
  },
  {
   "cell_type": "code",
   "execution_count": 58,
   "metadata": {},
   "outputs": [
    {
     "data": {
      "text/plain": [
       "array([[[ 0.,  0.,  0.]],\n",
       "\n",
       "       [[ 1.,  2.,  3.]],\n",
       "\n",
       "       [[ 2.,  4.,  6.]],\n",
       "\n",
       "       [[ 3.,  6.,  9.]],\n",
       "\n",
       "       [[ 4.,  8., 12.]],\n",
       "\n",
       "       [[ 5., 10., 15.]]])"
      ]
     },
     "execution_count": 58,
     "metadata": {},
     "output_type": "execute_result"
    }
   ],
   "source": [
    "b"
   ]
  },
  {
   "cell_type": "code",
   "execution_count": 56,
   "metadata": {},
   "outputs": [
    {
     "data": {
      "text/plain": [
       "array([[ 0.,  0.,  0.],\n",
       "       [ 1.,  2.,  3.],\n",
       "       [ 2.,  4.,  6.],\n",
       "       [ 3.,  6.,  9.],\n",
       "       [ 4.,  8., 12.],\n",
       "       [ 5., 10., 15.]])"
      ]
     },
     "execution_count": 56,
     "metadata": {},
     "output_type": "execute_result"
    }
   ],
   "source": [
    "b[:,0,:]"
   ]
  },
  {
   "cell_type": "code",
   "execution_count": 60,
   "metadata": {},
   "outputs": [
    {
     "data": {
      "text/plain": [
       "array([0.40824829, 0.57735027, 0.57735027, 0.40824829, 0.        ,\n",
       "       0.        ])"
      ]
     },
     "execution_count": 60,
     "metadata": {},
     "output_type": "execute_result"
    }
   ],
   "source": [
    "C_jk[0]"
   ]
  },
  {
   "cell_type": "code",
   "execution_count": 61,
   "metadata": {},
   "outputs": [
    {
     "data": {
      "text/plain": [
       "array([0.40824829, 0.40824829, 0.40824829, 0.40824829, 0.40824829,\n",
       "       0.40824829])"
      ]
     },
     "execution_count": 61,
     "metadata": {},
     "output_type": "execute_result"
    }
   ],
   "source": [
    "C_jk[:,0]"
   ]
  },
  {
   "cell_type": "code",
   "execution_count": 63,
   "metadata": {},
   "outputs": [
    {
     "data": {
      "text/plain": [
       "[array([0., 0., 0.]),\n",
       " array([0.40824829, 0.81649658, 1.22474487]),\n",
       " array([0.81649658, 1.63299316, 2.44948974]),\n",
       " array([1.22474487, 2.44948974, 3.67423461]),\n",
       " array([1.63299316, 3.26598632, 4.89897949]),\n",
       " array([2.04124145, 4.0824829 , 6.12372436])]"
      ]
     },
     "execution_count": 63,
     "metadata": {},
     "output_type": "execute_result"
    }
   ],
   "source": [
    "[b[j,0,:]*C_jk[j,0] for j in range(6)]"
   ]
  },
  {
   "cell_type": "code",
   "execution_count": 73,
   "metadata": {},
   "outputs": [
    {
     "name": "stdout",
     "output_type": "stream",
     "text": [
      "[[[ 6.12372436 12.24744871 18.37117307]]\n",
      "\n",
      " [[-1.73205081 -3.46410162 -5.19615242]]\n",
      "\n",
      " [[-1.73205081 -3.46410162 -5.19615242]]\n",
      "\n",
      " [[-1.22474487 -2.44948974 -3.67423461]]\n",
      "\n",
      " [[ 1.          2.          3.        ]]\n",
      "\n",
      " [[ 3.          6.          9.        ]]]\n"
     ]
    }
   ],
   "source": [
    "b_k = np.array([[np.sum([b[j,i,:]*C_jk[j,k] for j in range(6)],axis=0) for i in range(1)] for k in range(6)])\n",
    "print(b_k)"
   ]
  },
  {
   "cell_type": "code",
   "execution_count": 75,
   "metadata": {},
   "outputs": [
    {
     "name": "stdout",
     "output_type": "stream",
     "text": [
      "[[[1.05471187e-15 2.10942375e-15 3.77475828e-15]]\n",
      "\n",
      " [[1.00000000e+00 2.00000000e+00 3.00000000e+00]]\n",
      "\n",
      " [[2.00000000e+00 4.00000000e+00 6.00000000e+00]]\n",
      "\n",
      " [[3.00000000e+00 6.00000000e+00 9.00000000e+00]]\n",
      "\n",
      " [[4.00000000e+00 8.00000000e+00 1.20000000e+01]]\n",
      "\n",
      " [[5.00000000e+00 1.00000000e+01 1.50000000e+01]]]\n"
     ]
    }
   ],
   "source": [
    "b_j = np.array([[np.sum([b_k[j,0,:]*C_jk[k,j] for j in range(6)],axis=0) for i in range(1)] for k in range(6)])\n",
    "print(b_j)"
   ]
  },
  {
   "cell_type": "code",
   "execution_count": 42,
   "metadata": {},
   "outputs": [
    {
     "name": "stdout",
     "output_type": "stream",
     "text": [
      "[[ 6.12372436 12.24744871 18.37117307]\n",
      " [-1.73205081 -3.46410162 -5.19615242]\n",
      " [-1.73205081 -3.46410162 -5.19615242]\n",
      " [-1.22474487 -2.44948974 -3.67423461]\n",
      " [ 1.          2.          3.        ]\n",
      " [ 3.          6.          9.        ]]\n"
     ]
    }
   ],
   "source": [
    "for i in range(len(6)):\n",
    "    b[i]"
   ]
  },
  {
   "cell_type": "code",
   "execution_count": 43,
   "metadata": {},
   "outputs": [
    {
     "data": {
      "text/plain": [
       "array([[ 2.2187796 ,  4.4375592 ,  6.6563388 ],\n",
       "       [ 4.81999096,  9.63998191, 14.45997287],\n",
       "       [ 2.67372659,  5.34745317,  8.02117976],\n",
       "       [ 2.18350342,  4.36700684,  6.55051026],\n",
       "       [ 1.        ,  2.        ,  3.        ],\n",
       "       [ 3.73205081,  7.46410162, 11.19615242]])"
      ]
     },
     "execution_count": 43,
     "metadata": {},
     "output_type": "execute_result"
    }
   ],
   "source": [
    "C_jk.T@t"
   ]
  },
  {
   "cell_type": "code",
   "execution_count": null,
   "metadata": {},
   "outputs": [],
   "source": []
  }
 ],
 "metadata": {
  "kernelspec": {
   "display_name": "base",
   "language": "python",
   "name": "python3"
  },
  "language_info": {
   "codemirror_mode": {
    "name": "ipython",
    "version": 3
   },
   "file_extension": ".py",
   "mimetype": "text/x-python",
   "name": "python",
   "nbconvert_exporter": "python",
   "pygments_lexer": "ipython3",
   "version": "3.8.18"
  }
 },
 "nbformat": 4,
 "nbformat_minor": 2
}
