{
 "cells": [
  {
   "cell_type": "code",
   "execution_count": 2,
   "metadata": {},
   "outputs": [],
   "source": [
    "from ase import units\n",
    "from scipy import constants\n",
    "import numpy as np\n",
    "from copy import deepcopy\n",
    "from structure_io import read_xyz_file"
   ]
  },
  {
   "cell_type": "code",
   "execution_count": 5,
   "metadata": {},
   "outputs": [
    {
     "data": {
      "text/plain": [
       "1.0545718176461565e-34"
      ]
     },
     "execution_count": 5,
     "metadata": {},
     "output_type": "execute_result"
    }
   ],
   "source": [
    "constants.hbar"
   ]
  },
  {
   "cell_type": "code",
   "execution_count": 36,
   "metadata": {},
   "outputs": [
    {
     "name": "stdout",
     "output_type": "stream",
     "text": [
      "[[0. 0. 0. 0. 0. 0.]\n",
      " [0. 0. 0. 0. 0. 0.]\n",
      " [0. 0. 0. 0. 0. 0.]\n",
      " [0. 0. 0. 0. 0. 0.]\n",
      " [0. 0. 0. 0. 0. 0.]\n",
      " [0. 0. 0. 0. 0. 0.]]\n",
      "[[ 4.08248290e-01  5.77350269e-01  5.77350269e-01  4.08248290e-01\n",
      "   0.00000000e+00  0.00000000e+00]\n",
      " [ 4.08248290e-01  2.88675135e-01 -2.88675135e-01 -4.08248290e-01\n",
      "  -5.00000000e-01 -5.00000000e-01]\n",
      " [ 4.08248290e-01 -2.88675135e-01 -2.88675135e-01  4.08248290e-01\n",
      "   5.00000000e-01 -5.00000000e-01]\n",
      " [ 4.08248290e-01 -5.77350269e-01  5.77350269e-01 -4.08248290e-01\n",
      "  -2.82820064e-16  1.37910518e-15]\n",
      " [ 4.08248290e-01 -2.88675135e-01 -2.88675135e-01  4.08248290e-01\n",
      "  -5.00000000e-01  5.00000000e-01]\n",
      " [ 4.08248290e-01  2.88675135e-01 -2.88675135e-01 -4.08248290e-01\n",
      "   5.00000000e-01  5.00000000e-01]]\n"
     ]
    }
   ],
   "source": [
    "n_beads = 6\n",
    "C_jk = np.zeros((n_beads,n_beads))\n",
    "print(C_jk)\n",
    "for k in range(n_beads):\n",
    "    if k == 0:\n",
    "        C_jk[:,k] = np.sqrt(1/n_beads)\n",
    "    elif k > 0 and k <= (n_beads/2-1):\n",
    "        for j in range(n_beads):\n",
    "            C_jk[j,k] = np.sqrt(2/n_beads) * np.cos(2*units.pi*j*k/n_beads)\n",
    "    elif k == n_beads/2:\n",
    "        for j in range(n_beads):\n",
    "            C_jk[j,k] = np.sqrt(1/n_beads)*(-1)**j\n",
    "    elif k > n_beads/2:\n",
    "        for j in range(n_beads):\n",
    "            C_jk[j,k] = np.sqrt(2/n_beads)*np.sin(2*units.pi*j*k/n_beads)\n",
    "print(C_jk)"
   ]
  },
  {
   "cell_type": "code",
   "execution_count": 37,
   "metadata": {},
   "outputs": [
    {
     "data": {
      "text/plain": [
       "array([[ 1.00000000e+00, -1.04761073e-17,  1.75607620e-16,\n",
       "        -9.95716912e-18,  2.04475515e-16,  6.35574357e-16],\n",
       "       [-1.04761073e-17,  1.00000000e+00,  7.65661753e-17,\n",
       "        -1.00546195e-16,  1.34484076e-16, -8.47541437e-16],\n",
       "       [ 1.75607620e-16,  7.65661753e-17,  1.00000000e+00,\n",
       "        -2.29519538e-17, -7.45106739e-16,  1.04183047e-15],\n",
       "       [-9.95716912e-18, -1.00546195e-16, -2.29519538e-17,\n",
       "         1.00000000e+00,  4.33902724e-16, -7.74352235e-16],\n",
       "       [ 2.04475515e-16,  1.34484076e-16, -7.45106739e-16,\n",
       "         4.33902724e-16,  1.00000000e+00,  2.49800181e-16],\n",
       "       [ 6.35574357e-16, -8.47541437e-16,  1.04183047e-15,\n",
       "        -7.74352235e-16,  2.49800181e-16,  1.00000000e+00]])"
      ]
     },
     "execution_count": 37,
     "metadata": {},
     "output_type": "execute_result"
    }
   ],
   "source": [
    "np.dot(C_jk.T,C_jk)"
   ]
  },
  {
   "cell_type": "code",
   "execution_count": 39,
   "metadata": {},
   "outputs": [
    {
     "data": {
      "text/plain": [
       "array([[ 1.00000000e+00, -1.04761073e-17,  1.75607620e-16,\n",
       "        -9.95716912e-18,  2.04475515e-16,  6.35574357e-16],\n",
       "       [-1.04761073e-17,  1.00000000e+00,  7.65661753e-17,\n",
       "        -1.00546195e-16,  1.34484076e-16, -8.47541437e-16],\n",
       "       [ 1.75607620e-16,  7.65661753e-17,  1.00000000e+00,\n",
       "        -2.29519538e-17, -7.45106739e-16,  1.04183047e-15],\n",
       "       [-9.95716912e-18, -1.00546195e-16, -2.29519538e-17,\n",
       "         1.00000000e+00,  4.33902724e-16, -7.74352235e-16],\n",
       "       [ 2.04475515e-16,  1.34484076e-16, -7.45106739e-16,\n",
       "         4.33902724e-16,  1.00000000e+00,  2.49800181e-16],\n",
       "       [ 6.35574357e-16, -8.47541437e-16,  1.04183047e-15,\n",
       "        -7.74352235e-16,  2.49800181e-16,  1.00000000e+00]])"
      ]
     },
     "execution_count": 39,
     "metadata": {},
     "output_type": "execute_result"
    }
   ],
   "source": [
    "C_jk.T@C_jk"
   ]
  },
  {
   "cell_type": "code",
   "execution_count": 13,
   "metadata": {},
   "outputs": [],
   "source": [
    "n = 3\n",
    "beads = []\n",
    "sys = read_xyz_file('MoREST_sampling.xyz')\n",
    "for i in range(n):\n",
    "    beads.append(deepcopy(sys))"
   ]
  },
  {
   "cell_type": "code",
   "execution_count": 14,
   "metadata": {},
   "outputs": [
    {
     "name": "stdout",
     "output_type": "stream",
     "text": [
      "[False False False]\n",
      "[False False False]\n",
      "[False False False]\n"
     ]
    }
   ],
   "source": [
    "for i in range(n):\n",
    "    print(beads[i].get_pbc())"
   ]
  },
  {
   "cell_type": "code",
   "execution_count": 15,
   "metadata": {},
   "outputs": [],
   "source": [
    "beads[0].set_pbc([True,True,True])"
   ]
  },
  {
   "cell_type": "code",
   "execution_count": 16,
   "metadata": {},
   "outputs": [
    {
     "name": "stdout",
     "output_type": "stream",
     "text": [
      "[ True  True  True]\n",
      "[ True  True  True]\n",
      "[ True  True  True]\n"
     ]
    }
   ],
   "source": [
    "for i in range(n):\n",
    "    print(beads[i].get_pbc())"
   ]
  },
  {
   "cell_type": "code",
   "execution_count": 12,
   "metadata": {},
   "outputs": [
    {
     "data": {
      "text/plain": [
       "array([ True,  True,  True])"
      ]
     },
     "execution_count": 12,
     "metadata": {},
     "output_type": "execute_result"
    }
   ],
   "source": [
    "beads[0].get_pbc()"
   ]
  },
  {
   "cell_type": "code",
   "execution_count": null,
   "metadata": {},
   "outputs": [],
   "source": []
  }
 ],
 "metadata": {
  "kernelspec": {
   "display_name": "base",
   "language": "python",
   "name": "python3"
  },
  "language_info": {
   "codemirror_mode": {
    "name": "ipython",
    "version": 3
   },
   "file_extension": ".py",
   "mimetype": "text/x-python",
   "name": "python",
   "nbconvert_exporter": "python",
   "pygments_lexer": "ipython3",
   "version": "3.8.18"
  }
 },
 "nbformat": 4,
 "nbformat_minor": 2
}
